00000000000000000000000000000000 1011 00000000000000000000000000000001 00000000000000000000000000000000 00001 00100 00000000000000000000000000000010
00000000000000000000000000000001 0001 00000000000000000000000000000001 00000000000000000000000000001000 01000 00000 00000000000000000000000000001111
00000000000000000000000000000010 0000 00000000000000000000000000000000 00000000000000000000000000000000 00000 00000 00000000000000000000000000001111
00000000000000000000000000000110 1011 00000000000000000000000000000001 00000000000000000000000000000000 00001 00100 00000000000000000000000000000010
00000000000000000000000000000111 1010 00000000000000000000000000000001 00000000000000000000000000000000 00010 01000 00000000000000000000000000000100
00000000000000000000000000001000 0010 00000000000000000000000000000001 00000000000000000000000000000000 00000 01000 00000000000000000000000000001111
00000000000000000000000000001001 0001 00000000000000000000000000000001 00000000000000000000000000001000 01000 00000 00000000000000000000000000001111
00000000000000000000000000001010 0000 00000000000000000000000000000000 00000000000000000000000000000000 00000 00000 00000000000000000000000000001111
00000000000000000000000000000000 1011 00000000000000000000000000000001 00000000000000000000000000000000 00001 00100 00000000000000000000000000000010
00000000000000000000000000000001 0001 00000000000000000000000000000001 00000000000000000000000000001000 01000 00000 00000000000000000000000000001111
00000000000000000000000000000010 0000 00000000000000000000000000000000 00000000000000000000000000000000 00000 00000 00000000000000000000000000001111
00000000000000000000000000000011 0010 00000000000000000000000000000001 00000000000000000000000000000000 00000 01000 00000000000000000000000000001111
00000000000000000000000000000100 1010 00000000000000000000000000000001 00000000000000000000000000000000 00010 01000 00000000000000000000000000000100
00000000000000000000000000000101 0000 00000000000000000000000000000000 00000000000000000000000000000000 00000 00000 00000000000000000000000000001111
00000000000000000000000000001000 0010 00000000000000000000000000000001 00000000000000000000000000000000 00000 01000 00000000000000000000000000001111
00000000000000000000000000001001 0001 00000000000000000000000000000001 00000000000000000000000000001000 01000 00000 00000000000000000000000000001111
00000000000000000000000000001010 0000 00000000000000000000000000000000 00000000000000000000000000000000 00000 00000 00000000000000000000000000001111
00000000000000000000000000000000 1011 00000000000000000000000000000001 00000000000000000000000000000000 00001 00100 00000000000000000000000000000010
00000000000000000000000000000001 0001 00000000000000000000000000000001 00000000000000000000000000001000 01000 00000 00000000000000000000000000001111
00000000000000000000000000000010 0000 00000000000000000000000000000000 00000000000000000000000000000000 00000 00000 00000000000000000000000000001111
00000000000000000000000000000110 1011 00000000000000000000000000000001 00000000000000000000000000000000 00001 00100 00000000000000000000000000000010
00000000000000000000000000000111 1010 00000000000000000000000000000001 00000000000000000000000000000000 00010 01000 00000000000000000000000000000100
00000000000000000000000000001000 0010 00000000000000000000000000000001 00000000000000000000000000000000 00000 01000 00000000000000000000000000001111
00000000000000000000000000001001 0001 00000000000000000000000000000001 00000000000000000000000000001000 01000 00000 00000000000000000000000000001111
00000000000000000000000000001010 0000 00000000000000000000000000000000 00000000000000000000000000000000 00000 00000 00000000000000000000000000001111
00000000000000000000000000000000 1011 00000000000000000000000000000001 00000000000000000000000000000000 00001 00100 00000000000000000000000000000010
00000000000000000000000000000001 0001 00000000000000000000000000000001 00000000000000000000000000001000 01000 00000 00000000000000000000000000001111
00000000000000000000000000000010 0000 00000000000000000000000000000000 00000000000000000000000000000000 00000 00000 00000000000000000000000000001111
00000000000000000000000000000011 0010 00000000000000000000000000000001 00000000000000000000000000000000 00000 01000 00000000000000000000000000001111
00000000000000000000000000000100 1010 00000000000000000000000000000001 00000000000000000000000000000000 00010 01000 00000000000000000000000000000100
00000000000000000000000000000101 0000 00000000000000000000000000000000 00000000000000000000000000000000 00000 00000 00000000000000000000000000001111
00000000000000000000000000001000 0010 00000000000000000000000000000001 00000000000000000000000000000000 00000 01000 00000000000000000000000000001111
00000000000000000000000000001001 0001 00000000000000000000000000000001 00000000000000000000000000001000 01000 00000 00000000000000000000000000001111
00000000000000000000000000001010 0000 00000000000000000000000000000000 00000000000000000000000000000000 00000 00000 00000000000000000000000000001111
00000000000000000000000000000000 1011 00000000000000000000000000000001 00000000000000000000000000000000 00001 00100 00000000000000000000000000000010
00000000000000000000000000000001 0001 00000000000000000000000000000001 00000000000000000000000000001000 01000 00000 00000000000000000000000000001111
00000000000000000000000000000010 0000 00000000000000000000000000000000 00000000000000000000000000000000 00000 00000 00000000000000000000000000001111
00000000000000000000000000000110 1011 00000000000000000000000000000001 00000000000000000000000000000000 00001 00100 00000000000000000000000000000010
00000000000000000000000000000111 1010 00000000000000000000000000000001 00000000000000000000000000000000 00010 01000 00000000000000000000000000000100
00000000000000000000000000001000 0010 00000000000000000000000000000001 00000000000000000000000000000000 00000 01000 00000000000000000000000000001111
00000000000000000000000000001001 0001 00000000000000000000000000000001 00000000000000000000000000001000 01000 00000 00000000000000000000000000001111
00000000000000000000000000001010 0000 00000000000000000000000000000000 00000000000000000000000000000000 00000 00000 00000000000000000000000000001111
00000000000000000000000000000000 1011 00000000000000000000000000000001 00000000000000000000000000000000 00001 00100 00000000000000000000000000000010
00000000000000000000000000000001 0001 00000000000000000000000000000001 00000000000000000000000000001000 01000 00000 00000000000000000000000000001111
00000000000000000000000000000010 0000 00000000000000000000000000000000 00000000000000000000000000000000 00000 00000 00000000000000000000000000001111
00000000000000000000000000000011 0010 00000000000000000000000000000001 00000000000000000000000000000000 00000 01000 00000000000000000000000000001111
00000000000000000000000000000100 1010 00000000000000000000000000000001 00000000000000000000000000000000 00010 01000 00000000000000000000000000000100
00000000000000000000000000000101 0000 00000000000000000000000000000000 00000000000000000000000000000000 00000 00000 00000000000000000000000000001111
00000000000000000000000000001000 0010 00000000000000000000000000000001 00000000000000000000000000000000 00000 01000 00000000000000000000000000001111
00000000000000000000000000001001 0001 00000000000000000000000000000001 00000000000000000000000000001000 01000 00000 00000000000000000000000000001111
00000000000000000000000000001010 0000 00000000000000000000000000000000 00000000000000000000000000000000 00000 00000 00000000000000000000000000001111
00000000000000000000000000000000 1011 00000000000000000000000000000001 00000000000000000000000000000000 00001 00100 00000000000000000000000000000010
00000000000000000000000000000001 0001 00000000000000000000000000000001 00000000000000000000000000001000 01000 00000 00000000000000000000000000001111
00000000000000000000000000000010 0000 00000000000000000000000000000000 00000000000000000000000000000000 00000 00000 00000000000000000000000000001111
00000000000000000000000000000110 1011 00000000000000000000000000000001 00000000000000000000000000000000 00001 00100 00000000000000000000000000000010
00000000000000000000000000000111 1010 00000000000000000000000000000001 00000000000000000000000000000000 00010 01000 00000000000000000000000000000100
00000000000000000000000000001000 0010 00000000000000000000000000000001 00000000000000000000000000000000 00000 01000 00000000000000000000000000001111
00000000000000000000000000001001 0001 00000000000000000000000000000001 00000000000000000000000000001000 01000 00000 00000000000000000000000000001111
00000000000000000000000000001010 0000 00000000000000000000000000000000 00000000000000000000000000000000 00000 00000 00000000000000000000000000001111
00000000000000000000000000000000 1011 00000000000000000000000000000001 00000000000000000000000000000000 00001 00100 00000000000000000000000000000010
00000000000000000000000000000001 0001 00000000000000000000000000000001 00000000000000000000000000001000 01000 00000 00000000000000000000000000001111
00000000000000000000000000000010 0000 00000000000000000000000000000000 00000000000000000000000000000000 00000 00000 00000000000000000000000000001111
00000000000000000000000000000011 0010 00000000000000000000000000000001 00000000000000000000000000000000 00000 01000 00000000000000000000000000001111
00000000000000000000000000000100 1010 00000000000000000000000000000001 00000000000000000000000000000000 00010 01000 00000000000000000000000000000100
00000000000000000000000000000101 0000 00000000000000000000000000000000 00000000000000000000000000000000 00000 00000 00000000000000000000000000001111
00000000000000000000000000001000 0010 00000000000000000000000000000001 00000000000000000000000000000000 00000 01000 00000000000000000000000000001111
00000000000000000000000000001001 0001 00000000000000000000000000000001 00000000000000000000000000001000 01000 00000 00000000000000000000000000001111
00000000000000000000000000001010 0000 00000000000000000000000000000000 00000000000000000000000000000000 00000 00000 00000000000000000000000000001111
